363.0 734.0 450.0 725.0 445.0 724.0 1
366.0 598.0 363.0 734.0 445.0 724.0 2
446.0 597.0 450.0 725.0 484.0 722.0 3
446.0 597.0 445.0 724.0 450.0 725.0 4
446.0 597.0 366.0 598.0 445.0 724.0 5
451.0 258.0 366.0 598.0 446.0 597.0 6
486.0 256.0 451.0 258.0 446.0 597.0 7
511.0 238.0 486.0 256.0 446.0 597.0 8
511.0 238.0 446.0 597.0 484.0 722.0 9
489.0 241.0 486.0 256.0 511.0 238.0 10
489.0 241.0 511.0 238.0 513.0 165.0 11
489.0 241.0 513.0 165.0 502.0 159.0 12
448.0 241.0 489.0 241.0 502.0 159.0 13
448.0 241.0 486.0 256.0 489.0 241.0 14
448.0 241.0 451.0 258.0 486.0 256.0 15
358.0 195.0 451.0 258.0 448.0 241.0 16
409.0 137.0 359.0 140.0 358.0 195.0 17
409.0 137.0 358.0 195.0 448.0 241.0 18
409.0 137.0 448.0 241.0 502.0 159.0 19
411.0 77.0 359.0 140.0 409.0 137.0 20
502.0 76.0 411.0 77.0 409.0 137.0 21
502.0 76.0 409.0 137.0 502.0 159.0 22
502.0 76.0 502.0 159.0 513.0 165.0 23
125.0 162.0 358.0 195.0 359.0 140.0 24
125.0 162.0 359.0 140.0 411.0 77.0 25
141.0 243.0 358.0 195.0 125.0 162.0 26
124.0 194.0 141.0 243.0 125.0 162.0 27
102.0 244.0 141.0 243.0 124.0 194.0 28
24.0 195.0 102.0 244.0 124.0 194.0 29
24.0 195.0 1.0 195.0 1.0 241.0 30
24.0 195.0 1.0 241.0 102.0 244.0 31
23.0 164.0 24.0 195.0 124.0 194.0 32
23.0 164.0 124.0 194.0 125.0 162.0 33
23.0 164.0 125.0 162.0 411.0 77.0 34
23.0 164.0 1.0 195.0 24.0 195.0 35
104.0 259.0 102.0 244.0 1.0 241.0 36
104.0 259.0 141.0 243.0 102.0 244.0 37
141.0 258.0 358.0 195.0 141.0 243.0 38
141.0 258.0 451.0 258.0 358.0 195.0 39
141.0 258.0 141.0 243.0 104.0 259.0 40
141.0 258.0 366.0 598.0 451.0 258.0 41
16.0 596.0 104.0 259.0 1.0 241.0 42
99.0 595.0 366.0 598.0 141.0 258.0 43
99.0 595.0 104.0 259.0 16.0 596.0 44
99.0 595.0 141.0 258.0 104.0 259.0 45
137.0 764.0 366.0 598.0 99.0 595.0 46
137.0 764.0 363.0 734.0 366.0 598.0 47
104.0 765.0 99.0 770.0 137.0 764.0 48
104.0 765.0 137.0 764.0 99.0 595.0 49
104.0 765.0 99.0 595.0 16.0 596.0 50
17.0 788.0 104.0 765.0 16.0 596.0 51
17.0 788.0 99.0 770.0 104.0 765.0 52
